v -0.90 0.90 0.30
v -0.30 0.90 0.30
v -0.30 0.90 -0.30
v -0.90 0.90 -0.30
v 0.30 0.90 0.30
v 0.30 0.90 -0.30
v 0.90 0.90 0.30
v 0.90 0.90 -0.30
v -0.90 0.30 0.30
v -0.30 0.30 0.30
v 0.30 0.30 0.30
v 0.90 0.30 0.30
v -0.30 -0.30 0.30
v 0.30 -0.30 0.30
v -0.90 -0.30 0.30
v -0.90 -0.90 0.30
v -0.30 -0.90 0.30
v 0.30 -0.90 0.30
v 0.90 -0.90 0.30
v 0.90 -0.30 0.30
v -0.30 -0.90 -0.30
v -0.90 -0.90 -0.30
v 0.30 -0.90 -0.30
v 0.90 -0.90 -0.30
v -0.90 0.30 -0.30
v -0.30 0.30 -0.30
v 0.30 0.30 -0.30
v 0.90 0.30 -0.30
v -0.30 -0.30 -0.30
v 0.30 -0.30 -0.30
v -0.90 -0.30 -0.30
v 0.90 -0.30 -0.30
f  0 1 2 3 
f  1 4 5 2 
f  4 6 7 5 
f  14 12 28 30 
f  13 19 31 29 
f  15 16 20 21 
f  16 17 22 20 
f  17 18 23 22 
f  8 9 25 24 
f  10 11 27 26 
f  11 27 7 6  
f  13 29 26 10 
f  18 23 31 19 
f  8 24 3 0 
f  12 28 25 9 
f  15 21 30 14 
f  8 9 1 0 
f  9 10 4 1 
f  10 11 6 4 
f  12 13 10 9 
f  15 16 12 14 
f  16 17 13 12 
f  17 18 19 13 
f  24 25 2 3 
f  25 26 5 2 
f  26 27 7 5 
f  28 29 26 25 
f  21 20 28 30 
f  20 22 29 28 
f  22 23 31 29 
